Zeroshot Metrics: 0.5919285714285715
Step: 100 | Loss: 1.0791500742946352 | Metrics: 0.9598214285714286
Step: 200 | Loss: 0.7187119062457766 | Metrics: 0.9464285714285714
Step: 300 | Loss: 0.40459902424897465 | Metrics: 0.9330357142857143
Step: 400 | Loss: 0.32653517701796125 | Metrics: 0.9419642857142857
Test Metrics: {'acc': 0.9381}
