Zeroshot Metrics: 0.5919285714285715
Step: 100 | Loss: 1.482733164514814 | Metrics: 0.78125
Step: 200 | Loss: 0.9473463594913483 | Metrics: 0.8303571428571429
Step: 300 | Loss: 0.49785798362323214 | Metrics: 0.9017857142857143
Step: 400 | Loss: 0.42669442668557167 | Metrics: 0.90625
Test Metrics: {'acc': 0.9220142857142857}
