Zeroshot Metrics: 0.5919285714285715
Step: 100 | Loss: 0.8569010783519063 | Metrics: 0.8482142857142857
Step: 200 | Loss: 0.6961869916745594 | Metrics: 0.9017857142857143
Step: 300 | Loss: 0.4015770900462355 | Metrics: 0.9330357142857143
Step: 400 | Loss: 0.31691236714167254 | Metrics: 0.9196428571428571
Test Metrics: {'acc': 0.9458571428571428}
