Zeroshot Metrics: 0.5919285714285715
Step: 100 | Loss: 1.1097876855305262 | Metrics: 0.8794642857142857
Step: 200 | Loss: 0.7720303237438202 | Metrics: 0.9017857142857143
Step: 300 | Loss: 0.3557254283555916 | Metrics: 0.9241071428571429
Step: 400 | Loss: 0.27183206459241255 | Metrics: 0.9419642857142857
Test Metrics: {'acc': 0.9458571428571428}
