Zeroshot Metrics: 0.5919285714285715
Step: 100 | Loss: 1.2798054133142744 | Metrics: 0.8482142857142857
Step: 200 | Loss: 0.9513538437230247 | Metrics: 0.84375
Step: 300 | Loss: 0.44448730243103846 | Metrics: 0.9196428571428571
Step: 400 | Loss: 0.35708338767290115 | Metrics: 0.9285714285714286
Test Metrics: {'acc': 0.9324428571428571}
