Zeroshot Metrics: 0.42106
Step: 100 | Loss: 14.029439290364584 | Metrics: 0.2875
Step: 200 | Loss: 11.237262090047201 | Metrics: 0.35
Step: 300 | Loss: 6.7904588381449384 | Metrics: 0.25
Step: 400 | Loss: 5.275456428527832 | Metrics: 0.175
Test Metrics: {'acc': 0.24464}
