Zeroshot Metrics: 0.4974598658809185
Step: 100 | Loss: 6.952173233032227 | Metrics: 0.2916666666666667
Step: 200 | Loss: 4.906262636184692 | Metrics: 0.3541666666666667
Step: 300 | Loss: 4.888095855712891 | Metrics: 0.3333333333333333
Step: 400 | Loss: 4.498533248901367 | Metrics: 0.3333333333333333
Test Metrics: {'acc': 0.3338752286120707}
