Zeroshot Metrics: 0.4974598658809185
Step: 100 | Loss: 6.831165075302124 | Metrics: 0.2916666666666667
Step: 200 | Loss: 5.200521469116211 | Metrics: 0.2916666666666667
Step: 300 | Loss: 4.184770703315735 | Metrics: 0.375
Step: 400 | Loss: 3.676183819770813 | Metrics: 0.375
Test Metrics: {'acc': 0.33509449298922983}
