Zeroshot Metrics: 0.4974598658809185
Step: 100 | Loss: 7.498891592025757 | Metrics: 0.3958333333333333
Step: 200 | Loss: 5.143866777420044 | Metrics: 0.2708333333333333
Step: 300 | Loss: 3.6521053314208984 | Metrics: 0.3125
Step: 400 | Loss: 3.3942419290542603 | Metrics: 0.3333333333333333
Test Metrics: {'acc': 0.33783783783783783}
