Zeroshot Metrics: 0.4974598658809185
Step: 100 | Loss: 6.322942018508911 | Metrics: 0.4583333333333333
Step: 200 | Loss: 5.302661895751953 | Metrics: 0.3333333333333333
Step: 300 | Loss: 4.039529323577881 | Metrics: 0.22916666666666666
Step: 400 | Loss: 3.793514370918274 | Metrics: 0.3333333333333333
Test Metrics: {'acc': 0.33478967689494005}
