Zeroshot Metrics: 0.6188679245283017
Step: 100 | Loss: 17.876380920410156 | Metrics: 0.36363636363636365
Step: 200 | Loss: 14.941391944885254 | Metrics: 0.4615384615384615
Step: 300 | Loss: 11.508254051208496 | Metrics: 0.4615384615384615
Step: 400 | Loss: 10.886642456054688 | Metrics: 0.4166666666666667
Test Metrics: {'acc': 0.47058823529411764, 'f1': 0.5591836734693878, 'acc_and_f1': 0.5148859543817528}
