Zeroshot Metrics: 0.6188679245283017
Step: 100 | Loss: 18.371646881103516 | Metrics: 0.5714285714285714
Step: 200 | Loss: 15.391101837158203 | Metrics: 0.5454545454545455
Step: 300 | Loss: 7.779293537139893 | Metrics: 0.45161290322580644
Step: 400 | Loss: 5.732668399810791 | Metrics: 0.5
Test Metrics: {'acc': 0.45588235294117646, 'f1': 0.4813084112149532, 'acc_and_f1': 0.46859538207806484}
