Zeroshot Metrics: 0.6188679245283017
Step: 100 | Loss: 17.67401123046875 | Metrics: 0.3076923076923077
Step: 200 | Loss: 13.646824836730957 | Metrics: 0.4666666666666667
Step: 300 | Loss: 4.343497276306152 | Metrics: 0.4666666666666667
Step: 400 | Loss: 2.827328681945801 | Metrics: 0.5625
Test Metrics: {'acc': 0.42892156862745096, 'f1': 0.4385542168674699, 'acc_and_f1': 0.43373789274746044}
