Zeroshot Metrics: 0.6188679245283017
Step: 100 | Loss: 19.069791793823242 | Metrics: 0.41379310344827586
Step: 200 | Loss: 11.347271919250488 | Metrics: 0.2962962962962963
Step: 300 | Loss: 6.0692291259765625 | Metrics: 0.45161290322580644
Step: 400 | Loss: 4.620189189910889 | Metrics: 0.5294117647058824
Test Metrics: {'acc': 0.4338235294117647, 'f1': 0.47380410022779046, 'acc_and_f1': 0.45381381481977756}
