Zeroshot Metrics: 0.6188679245283017
Step: 100 | Loss: 17.033653259277344 | Metrics: 0.28571428571428575
Step: 200 | Loss: 12.065892219543457 | Metrics: 0.5806451612903225
Step: 300 | Loss: 9.281540870666504 | Metrics: 0.5333333333333333
Step: 400 | Loss: 8.420740127563477 | Metrics: 0.41379310344827586
Test Metrics: {'acc': 0.47794117647058826, 'f1': 0.5298013245033113, 'acc_and_f1': 0.5038712504869498}
