Zeroshot Metrics: 0.7955
Step: 100 | Loss: 11.664339065551758 | Metrics: 0.53125
Step: 200 | Loss: 8.510014533996582 | Metrics: 0.5
Step: 300 | Loss: 4.541934013366699 | Metrics: 0.625
Step: 400 | Loss: 2.5711116790771484 | Metrics: 0.5625
Test Metrics: {'acc': 0.6165}
