Zeroshot Metrics: 0.8360091743119266
Step: 100 | Loss: 8.775907516479492 | Metrics: 0.46875
Step: 200 | Loss: 4.293910980224609 | Metrics: 0.46875
Step: 300 | Loss: 2.964771270751953 | Metrics: 0.375
Test Metrics: {'acc': 0.48623853211009177}
