Zeroshot Metrics: 0.8360091743119266
Step: 100 | Loss: 9.792647361755371 | Metrics: 0.625
Step: 200 | Loss: 9.479914665222168 | Metrics: 0.625
Step: 300 | Loss: 7.213766098022461 | Metrics: 0.5625
Step: 400 | Loss: 6.719899654388428 | Metrics: 0.5625
Test Metrics: {'acc': 0.5275229357798165}
