Zeroshot Metrics: 0.8085
Step: 100 | Loss: 11.7553129196167 | Metrics: 0.6875
Step: 200 | Loss: 5.37814998626709 | Metrics: 0.46875
Step: 300 | Loss: 2.1348400115966797 | Metrics: 0.59375
Step: 400 | Loss: 1.6739925146102905 | Metrics: 0.53125
Test Metrics: {'acc': 0.5285}
